000000000001101001 
000000000001101001 
000000000001101001 
000000000001101001 
000000000001101001 
000000000001101001 
000000000001101001 
000000000001101001 

000000000001101001 
000000000001101001 
000000000001101001 
000000000001101001 
000000000001101001 
000000000001101001 
000000000001101001 
000000000001101001 

000000000001101001 
000000000001101001 
000000000001101001 
000000000001101001 
000000000001101001 
000000000001101001 
000000000001101001 
000000000001101001 

010000011000000101 
010000010100010000 
000000000001101001 
000000000001000001 
000000000000000001 
000000000000000001 
000000000001101001 
101010101000000101 

010000000000000011 
010001000000000011 
000000000001101001 
000000000001101001 
000011000000000011 
000101000000000011 
000111000000000011 
000000000001101001 

101000000000000011 
101110000000000011 
100110000000000011 
101001000000000011 
110000000000000011 
110001000000000011 
110011000000000011 
000000000001101001 

010000010000000011 
010001010000000011 
000000000001101001 
000000000001101001 
000011010000000011 
000101010000000011 
000111010000000011 
000000000001101001 

101000010000000011 
101110010000000011 
100110010000000011 
101001010000000011 
110000010000000011 
110001010000000011 
110011010000000011 
000000000001101001 